10 
0.7100179729 0.1029006596 0.2178771199 0.5361939886 0.4639849160 0.1775015082 0.4850846601 0.3735374098 0.1020820763 0.9188590806 0.1333871708 0.0993931797 0.8770275404 0.6071499064 0.9658975125 0.4980524981 
0.5262677139 0.1084482176 0.5266166110 0.4801311108 0.0579729645 0.6237903964 0.1784064715 0.2448638728 0.7353398305 0.5386099367 0.6840571076 0.5713095518 0.0945311160 0.0597164022 0.4312545298 0.6890016617 
0.6679788832 0.2613758635 0.5239261169 0.7671524628 0.4715713861 0.3022807797 0.9358326251 0.1379578560 0.4392041738 0.2510175400 0.1822530079 0.1754060935 0.0018150768 0.7036618948 0.7579065505 0.0903297562 
0.6121325059 0.9559847030 0.2474535939 0.1205146480 0.5151942645 0.4589104815 0.0652953447 0.5393823465 0.2098443102 0.4116310527 0.9739518486 0.7596523983 0.6276252328 0.1849986391 0.4138306432 0.7495109472 
0.3635686313 0.5434253074 0.3615919664 0.7305952312 0.7162294299 0.2333978059 0.5730101005 0.8192292299 0.5717054864 0.0768255732 0.2809592258 0.0346833714 0.7847597780 0.7499191442 0.6897861903 0.8249026038 
0.9740736103 0.6325573883 0.6648340103 0.5799725453 0.9636578072 0.7918108573 0.6815954412 0.2085463917 0.3587034971 0.8946927767 0.9624668369 0.1835202501 0.3185384843 0.1335961914 0.9614463892 0.6470306347 
0.9872486735 0.9908849954 0.3976845900 0.7114714581 0.8245868892 0.2492827527 0.2148675667 0.3221515966 0.3648200115 0.1640605876 0.3765391953 0.8030150746 0.6892496937 0.6419685905 0.1846084192 0.3262516458 
0.4750221612 0.2634807504 0.2713381964 0.9550816925 0.6054460527 0.0149274561 0.1522476017 0.1062952995 0.3800108903 0.0815905994 0.5180522471 0.1052629371 0.0742814686 0.1438313207 0.5783221556 0.5227520707 
0.5720213121 0.4925180915 0.1205291431 0.0850558942 0.0369714146 0.6087329281 0.8967435422 0.1799833285 0.8005886265 0.2019446912 0.0293303376 0.9575567517 0.0051895227 0.4673276945 0.8476907224 0.6280885079 
0.9493540791 0.5304883882 0.7527940513 0.3250905716 0.0367580293 0.9879366494 0.1199050288 0.9869430270 0.0973249788 0.7848994949 0.4160390741 0.1014680327 0.8627363086 0.4618857844 0.7573034908 0.2167135539 
